3398259103140
9793560820205
47142390236139
68576408935202
33163959678815
56701697317769
29314535325534
95580962819046
30290553651377
72379286248321
29201438219488
46636324058319
64001570150888
57565349486131
58907522760458
50333337952779
82076346006070
62610667679649
85057641209934
48353930178900
47005431005233
61887106805109
65973924797779
62550527533681
39162811927129
1264010928316
2916643579978
10002144664933
45092589707023
6782071026664
4044805622469
92875999400152
46320250520691
52475777109082
16430522620660
59901238263098
33197251390823
53049003247470
62301870697250
36965429995672
10697459529864
44103100940599
90335071626651
9720153294533
37266888761647
79106023817833
33046583827010
46348651322715
17253301533025
70927688946115
65348279794110
97044351411101
54052423761005
48987064893913
77703947735594
44379190304849
61848524715390
40763714080057
38791902860725
99129423231079
9275845344903
37700761285078
33701458266082
58780857290391
3654347281866
71039870006750
88082376615568
93474954166806
8881845012366
5609189656091
46489893879011
13500121810754
55682430610540
27375050683433
34468268712285
82055633124328
1038430377498
55086372769745
19602188531993
70801502251710
51006470027962
91219380515481
40916355749726
6787189359708
83482233241894
40993083231061
93159023878123
63859854828930
19042175345357
37449286733301
39946914049469
80870061248488
50997299990778
51289175017294
57130424345759
85251818020544
71648719117241
91881911575308
40210598176850
15113812085675
26308830134256
84054106135351
18572425562620
43958319995400
19734738072560
84619872300692
69525710862075
64815734610537
21307663839544
91226925754297
99707530530458
9266322529179
50537182377054
6882070846674
45286683337602
8744369296835
28707462641430
31428364629583
95412407688903
43296091655919
14534737999893
72508004103209
91017516890237
57008696594363
34024729171583
43999206334979
84755773767457
55783702178142
36533757061702
23102797449049
47623721898867
41725476998302
33915457315469
90793600748279
7171217031684
57499378113171
33935517160435
65606946179737
85590863220713
48222729446995
96945223026426
16354184656304
57709328926044
32070468836784
17062793866167
29604716389657
19860804750642
80739209035267
7795979354358
91734425636242
2798067975026
5934469328740
82400627085145
93082557047957
59559537377572
35130626611689
11677270042867
72154135678199
77925473643329
61946178080493
95610946923560
33894971239702
49546006668439
12325126968227
51839439469025
9438283745574
79149187147035
39311487833554
18879859006526
35439625885747
44052973395159
36038649132970
93752119685606
92819609427129
4458142445557
26831839346572
2623885153788
75161778938154
87827773158731
41582388206937
75158564520650
50598258901769
48806822128355
6642627892640
56503584603784
82079136426827
49856007657001
82833334569471
41981419009630
43183070762947
68618871982216
7143240159426
82546167648968
7958279055563
632596522901
37147461334294
28998948836147
64334397920673
81743716488341
73878266933770
48984270944496
65006498238982
31688949101914
96773791059771
23007571890234
57040808374945
12892538882616
80602345246050
25259971946053
65433445584613
13756571478143
10048748543993
51729183848584
27871233360102
94538877534283
67483127834062
79854925773217
3946809554760
36399782020306
88554963857520
11956131850821
26781375455539
69023022731972
24974249264446
86268412302955
95130514894624
40621571906190
85773562263740
97258202906543
43027236889049
59747375569660
6477798010324
31951968997542
68382833146494
15092958121731
22798014134651
67722758048614
54282640214892
33218214844944
58665935006612
79640464122228
17127488069130
50645601313922
2683869957643
43409986835216
29424575467836
25816611917344
71160058216466
13480672939880
40984328960041
25943673792581
92014134786034
33872194579451
41112221530273
70467405675362
95526813121604
82167596326797
30595837474795
2513633016404
96501507947796
78529915128701
7642731142667
20675601428088
80882068420469
87458696502817
44347923480357
47153808762696
70084517193136
61021179793731
69734342104044
71188790699899
5676222960458
15852587210852
10092927579047
65033084208213
40215089565561
17947606985273
76027125707827
62674760342987
77551139624515
11143422604175
74284055396802
13794630255674
62009283518081
13121308064933
816872603522
23107256892252
78478640766118
87025952160201
74319199403361
36198207658789
95806399179696
8929802437180
53915937944882
39837526318279
4064349656124
7129754708875
90159271971839
42020376221035
36695686550808
43587987754052
90532843975284
29149994765135
55573916225160
38799614862260
47204441845477
48882351583119
46677767672328
95791342367283
2462531280498
8175571039344
74968000941794
20176149471454
31895248779224
27179499414946
74728561367241
65529610292268
87282418039994
68852605681944
91217148886197
38637378754121
23225513446130
54932174247233
83523688298100
74049708722698
16722632630168
78878303377657
57347392234689
57921874727789
97161635338641
82361078102442
36401648352648
18388087365765
80665296738193
59617499811182
98243519047649
60640693526195
25528287148591
10988579207211
87705008129846
18130127637163
37059114222930
52052401167928
57826869743967
90492243999042
11093174067564
43615618235768
38555182831248
15391020092956
37493665498371
87352636861091
44585674962353
74153667216832
2456518652600
11377880733546
53980355288878
4810012412539
93090101871075
49247049948860
18082271431374
96886070833893
9574813736022
20798276927753
4156446116484
94848994486189
20724668765436
15855049196158
39369577975502
38717388260438
14386676413086
56990227189664
97734770674280
51431875214668
56536681377265
85519225903982
84417037612379
84055692022619
47656465598975
78780049654636
16624293887650
64209893907690
19502277786606
34151465833696
51881295421239
71566035603686
9400156222037
40915742394380
34174179586439
62573170418500
45900727772095
56172022755192
35007064393247
74471344841904
45755504850887
32377212628724
92653128578197
67752837010490
31246585944977
77309146234995
30069464010028
735219077633
29791423257327
55529764264046
54338415795138
43393771015534
52713330897388
91146852345049
14018585896876
22692946173519
83290620606371
84003955430712
4677139593184
62224416467422
61398309498601
39902983045909
72537958537152
69885486193727
92611321812879
86713216170918
41033342240272
59355439649
46725699074201
80592829785530
25081641738060
19490013303942
44202271507104
43196468824578
47059661076339
81198673819219
30605007590894
31676848909119
28484458073367
31986548014572
98965035022279
75673561654254
30181436476902
18542989731731
4338800299380
27425133669312
79106841571543
33204098905028
53265329873076
14960536382439
81180235410728
26441794066579
99827546625389
94799743029054
30117967933400
80774058419919
63140520152737
9902483108808
60765640375487
79406177917656
5252712739134
19352980818798
37851258584086
30510699795593
74340130265821
1758226497147
36096533462256
38172907473078
89953625860249
88604743013340
26186374194146
91734294443027
77734886738966
82511407441193
70754036224041
10085676945175
57792361547347
98956427271218
4988659329597
44603409001987
13328422454235
11298132222962
540342199852
9228723890509
36819041088560
78068689184751
33859448409592
92271118526384
23857275057648
49775940686681
39520652401518
13696046421788
12040348909913
69666852740233
98195955198971
9741496172800
93052145999888
16858484687024
22710147123705
48867026997140
83083426979047
46364791728792
79466970673885
59693006200031
93378727508185
24367273016892
73179453247813
39589614146072
43623007019919
26641763850161
79628952484232
49691698089589
12757206041118
21790487667933
24835918500146
40505655525299
96477603681860
85720789718936
88092783939965
25902975495922
51716889726117
41940294871579
56896623383207
83696527825249
15400937673143
42439538530443
6963824459428
69027267435681
56228348782368
91424773845382
80676628128089
45167698102632
8422968557992
97533758195900
77729864204564
77555905921895
48063883655576
22925958261170
31728775650785
12032018867603
95143635375235
1636742203290
45417183678663
91323057851579
37071128989514
95459388677931
4267108714770
74507521227080
42897104627057
29923845987097
716763476267
2248534977264
45488736252615
85200175056836
36539651328496
61589815429109
3849424501914
59132949467182
52232840446822
23156671245502
3098530034820
71893142144176
94669927078944
27795645715875
86790820274684
12124661969199
13700654036346
39710633730335
7576331297044
79859636465638
30982367056723
73712042611339
30329109815766
62031355844406
40738956252986
89102011726107
36657620533401
23149160138184
26705997585991
84532483844292
95251533661051
11415573559349
46778307253469
11471493857312
15324751716358
15699432214378
57314543124388
27123563711438
76378027235289
44624232067896
84299303140550
50509979333848
21100505391872
11924631517289
87845852444666
62293588436703
26495009224492
34671257035004
10926043883312
8213925716269
47033440860210
22284605777018
49516407327408
6848360153775
52066511171321
73176017729527
3290970556722
60252544111011
64433778337036
15600266742589
23639561442458
76764440419439
86804377274675
97919544780984
92153276892856
98254027886421
54424921127896
84193761404330
17716616075385
27355464022929
82481256878763
84489796194010
1450673197284
23868191690006
48938792293616
77887742637764
96854212062248
48213562002195
61726965145094
51950456468655
65463475234568
95445149398817
58076853415235
46550885238902
46966815160606
69866453768710
27707878744136
83144053844609
87402062263042
5517928160221
48933233034798
12079760457679
13545066568943
71024730552318
54374157339233
39742381045037
69248609527273
5387871292320
87950855681030
44370855610701
99601240029621
50363308943114
53503486773340
61745155058789
94873967591116
59356393165410
68987618879233
65181536070649
70492287530927
30335349714152
82492147946955
57646034425929
95419427949727
21886515159417
63758219106141
63766611050725
69953378371192
63005870210877
18486273404162
90099583950443
31425082840391
48652484523975
40723530198112
1477310446035
40054672573774
24643634025075
53257867181549
64633266533343
58427727134614
52448953944435
4383908738812
88137862744576
7417249049778
51588601907408
83855502198952
74356872919950
90167704010884
14024453407395
73379529301826
54460263806133
42567007522819
39036533230510
67132235724997
64122453741369
53576476718108
73965880761602
64905065039156
47621700603052
29203071781184
88159480071982
53185909589999
56430735367619
43461296969018
20982915586744
30457246629380
69445591363923
92215282317926
14514513721908
91737472595017
67947665082186
72777184073503
27475738279391
21895309315114
33211938327111
72874028452546
49451009507693
83374476369119
33455893434792
96059664061196
4636640259339
24619508640108
47029070199157
70629141343434
15016257545483
74963586160353
99322708043183
61155077569588
19479237811649
81441850649159
19877635253593
47242223788362
15212557437604
2782427271262
6540725370375
79225712814560
39910294147759
77329253777882
10916520967845
96102355634615
45489647960024
65802051812136
46424674386031
2939159980118
27460849072243
42513607865896
27962942248525
95647559885833
6480719942360
78188099813139
12154984928231
70998953273999
90374403901062
66989618798877
34744526689984
97652583567782
77122976008980
14377413114406
60166937384164
95512206892860
26908683180490
21104803953713
23499335520438
50031262411370
28524092679494
86788080360708
60116525945158
13143057336198
31152738474987
17482742565302
22299342762085
21792127002708
57955093161716
62579833267053
27175078938310
92926320013112
9315313976451
68385188892740
72248319794109
82206107565491
12828788448684
97458399668699
8670722173457
36731935307417
16694537043146
16325262217153
19974227242481
89690173667817
81337780551758
74376465050856
21738099979125
74913044027958
54186980185646
74360282295823
83425215786396
11543030207915
61152171162273
88361596818156
17667609308410
34064930075550
18310954742252
72907899574724
23922130458363
2487048351742
84798763745432
33015386679611
23142600422108
72724883254447
9077970153372
48280394914541
89688937755478
4926877534374
24984847759171
56033818554551
77001072491723
74969050922413
21670934154983
88639953533056
22097036971799
14562714878559
18473380772116
8819581698694
97956972692554
27440863943156
40854492127203
85207377908078
74687859621639
16802101450294
73571170105203
74173854570194
16272145773748
84661323993003
43640859110408
13759211424250
66925101060020
78007213797491
72665892060914
4987467334744
12008047381574
49535747532827
1590448560056
49529201223563
5493711790335
88309089476586
4855164043385
48382463836925
62582820072045
47921948251979
47729134954285
80794705016865
53540788880772
23695885521506
35971314673375
24454824666945
49295070229295
75442413757799
49814555568690
2969087882427
56307162088452
25794249050392
26415543084280
69364597389138
57108173492640
4696841853993
79185479196228
14405097909810
42069314230061
58645311524120
34541250816917
76102324144445
78662409089591
45307949175868
66769378408458
48666212840812
18449404273278
65953900080206
63149265212374
48698232037910
95725079289832
72801300253079
40807768461558
99619003084998
98759109828425
34130123435055
55815241362579
65517664167860
65451486334319
650514749461
55393492964970
93162803214875
93390015338491
59851426722721
33531294191851
72958431630079
52200706852867
52335310001669
53650785775830
63232541231860
38982280674524
54837866909163
158992081007
69241992202272
70579213484280
9919577468217
89489226347582
52127588923151
96905899760766
75683369851470
7009961036000
29177022384577
18604428792434
63981006888505
41959163814586
89640268594547
13307679518382
83837996190398
35497359970381
22418275690661
69222309639290
25547246154551
71115317406463
8607148386604
54399871811843
47961508857353
83391480939213
6228343180781
43813635973873
69795520186587
87412267746591
98212748588246
539005057867
98808739274531
80114461046389
71276619132446
11392086353001
42741153280556
22804301505147
83007042057808
27586269651474
301316554329
69179027476080
36654399355173
42272373334410
93977683477375
87073661115274
39073441209771
72052382416349
36157943688125
32824809386054
47504137518442
11100488091914
44187736739821
45964761764336
14941451739712
31930141618947
24878408911189
39308798392863
76353898554426
70113667811814
56896952487309
17035064138346
82180436036347
46224568384215
58946247152572
46403186552909
98606387424341
23975067529141
88208182532549
44089573909289
93732392193447
90782268135679
1017396058619
6986495218282
24667425999486
75162928228092
16600426865060
1067765239558
15321876537254
9374831357945
36808588540539
26906208522873
11203945432907
77620460633130
41917594250014
3469811191608
75900418329020
48132751229151
22748939681572
36932592620092
25858192522129
92529647542364
12508239814363
49129902495704
42865606829395
60818737804059
48286406362663
91056902512755
80663369024514
40085640475369
88973272862072
74340372708745
64837610646912
37165602958159
87257307553891
54857760094415
52527210391019
25906050638615
17639375821424
